bun.lock
  h_aa1f579535d063 9-21,32-33,35,38-39,42,49,63,79,81,83,85,87,89,91,93,95,97,99,101,103,109,111,113,115,117,119,121,125,127,129,131,133,135,137,139,293,311,331,333,335,337,339,341,343,345,399-407,409,411,413,415,417,419,421,423,425-439,469,471,473,475,477,479,481,483,485,487,489,491,493,495,497,501,551-554,561,563,565,569,571,575,579,631,639,741-742,773,857,873,883,899-900,951,995,997,999,1009,1015,1047,1065,1083,1087-1088,1121,1127,1137,1141-1142,1165,1173,1179,1239,1263,1279,1283,1289,1329,1335-1337,1343,1345,1347,1351,1357,1363,1365,1373,1375,1379,1381,1383,1387,1389,1391,1393,1395,1397,1399,1429,1431,1435,1437,1443,1447,1449,1457-1461,1465-1467,1475-1476,1481,1483,1485,1495,1497,1499,1501,1503,1505,1507,1509,1511,1513,1515,1517,1519,1521,1523,1525,1527,1529,1531,1533,1535,1537,1539,1541,1543,1547-1548,1555-1559
package.json
  h_aa1f579535d063 55-67,78-79,81,84-85,88,95
---
{
  "schema_version": "authorship/3.0.0",
  "git_ai_version": "1.6.21",
  "base_commit_sha": "f63cf73e9e1ea62f89d63c2a5557431d44f5e8b4",
  "prompts": {},
  "humans": {
    "h_aa1f579535d063": {
      "author": "Celtian <dominik.hladik@seznam.cz>"
    }
  }
}